BMPredictor = -0.354164
LMMPredictor = 0.5449435
STDEVPredictor = -0.723183