BMPredictor = -0.072873
BMMPredictor = 0.1
Dominants = 0.983689