BMPredictor = -0.338659
LMMPredictor = 0.3473964
STDEVPredictor = -0.607741
Dominants = 0.9882182