BMPredictor = -0.288053
BMMPredictor = -0.484325
LMMPredictor = 1.0176115
STDEVPredictor = 0.9285736
Dominants = 0.4348778