BMPredictor =-0.123644
STDEVPredictor =-0.181893
Dominants = 0.9131951
