BMPredictor = 0.0346799
BMMPredictor = 0.3091814
LMMPredictor = -0.30213
Dominants = 0.093273